chr1,149876000,149876001	chr1,149879000,149879001	4.43087863922119
chr1,149876000,149876001	chr1,149881000,149881001	3.65411758422852
chr1,149877000,149877001	chr1,149881000,149881001	5.75135803222656
chr1,149878000,149878001	chr1,149881000,149881001	4.81678628921509
chr1,149878000,149878001	chr1,149883000,149883001	3.59353423118591
chr1,149882000,149882001	chr1,149885000,149885001	3.28863191604614
chr1,149880000,149880001	chr1,149893000,149893001	4.15768814086914
chr1,149847000,149847001	chr1,149903000,149903001	3.2577052116394
chr1,149894000,149894001	chr1,149903000,149903001	4.29848051071167
chr1,149895000,149895001	chr1,149903000,149903001	3.21746850013733
chr1,149903000,149903001	chr1,149906000,149906001	3.46926665306091
chr1,149884000,149884001	chr1,149907000,149907001	4.22798538208008
chr1,149903000,149903001	chr1,149908000,149908001	3.63224077224731
chr1,149904000,149904001	chr1,149908000,149908001	3.1450526714325
chr1,149901000,149901001	chr1,149909000,149909001	3.62459993362427
chr1,149905000,149905001	chr1,149909000,149909001	6.37412548065186
chr1,149906000,149906001	chr1,149909000,149909001	3.90164875984192
chr1,149906000,149906001	chr1,149910000,149910001	3.66280889511108
chr1,149894000,149894001	chr1,149912000,149912001	3.09129595756531
chr1,149903000,149903001	chr1,149913000,149913001	4.12601280212402
chr1,149910000,149910001	chr1,149913000,149913001	4.35619306564331
chr1,149909000,149909001	chr1,149914000,149914001	5.69725322723389
chr1,149912000,149912001	chr1,149921000,149921001	3.67398405075073
chr1,149924000,149924001	chr1,149930000,149930001	3.43557476997375
chr1,149906000,149906001	chr1,149931000,149931001	3.99609780311584
chr1,149911000,149911001	chr1,149931000,149931001	11.5500545501709
chr1,149930000,149930001	chr1,149933000,149933001	4.04279661178589
chr1,149913000,149913001	chr1,149934000,149934001	4.27811717987061
chr1,149913000,149913001	chr1,149938000,149938001	4.47296237945557
chr1,149933000,149933001	chr1,149938000,149938001	3.52091431617737
chr1,149934000,149934001	chr1,149938000,149938001	4.27258825302124
chr1,149911000,149911001	chr1,149939000,149939001	5.03151702880859
chr1,149895000,149895001	chr1,149942000,149942001	3.68371272087097
chr1,149931000,149931001	chr1,149942000,149942001	5.0127272605896
chr1,149881000,149881001	chr1,149944000,149944001	4.96556520462036
chr1,149933000,149933001	chr1,149944000,149944001	3.67396640777588
chr1,149934000,149934001	chr1,149944000,149944001	4.45831537246704
chr1,149942000,149942001	chr1,149946000,149946001	6.3194899559021
chr1,149941000,149941001	chr1,149947000,149947001	5.65703964233398
chr1,149943000,149943001	chr1,149947000,149947001	3.25320744514465
chr1,149944000,149944001	chr1,149948000,149948001	6.26839399337769
chr1,149946000,149946001	chr1,149949000,149949001	5.80858039855957
chr1,149946000,149946001	chr1,149950000,149950001	3.76414442062378
chr1,149949000,149949001	chr1,149952000,149952001	6.23528289794922
chr1,149944000,149944001	chr1,149954000,149954001	4.14661455154419
chr1,149945000,149945001	chr1,149954000,149954001	3.36056399345398
chr1,149894000,149894001	chr1,149956000,149956001	3.73665428161621
chr1,149950000,149950001	chr1,149956000,149956001	3.00446128845215
chr1,149949000,149949001	chr1,149958000,149958001	3.10629296302795
chr1,149954000,149954001	chr1,149958000,149958001	4.26991510391235
chr1,149952000,149952001	chr1,149959000,149959001	4.09810924530029
chr1,149943000,149943001	chr1,149964000,149964001	4.04288291931152
chr1,149890000,149890001	chr1,149965000,149965001	6.01585817337036
chr1,149904000,149904001	chr1,149967000,149967001	4.47325134277344
chr1,149942000,149942001	chr1,149968000,149968001	3.41316795349121
chr1,149952000,149952001	chr1,149968000,149968001	3.48529863357544
chr1,149965000,149965001	chr1,149969000,149969001	3.45414209365845
chr1,149966000,149966001	chr1,149969000,149969001	3.18499207496643
chr1,149951000,149951001	chr1,149970000,149970001	4.24542903900146
chr1,149930000,149930001	chr1,149971000,149971001	3.84675168991089
chr1,149961000,149961001	chr1,149971000,149971001	5.31738376617432
chr1,149943000,149943001	chr1,149972000,149972001	3.93934273719788
chr1,149934000,149934001	chr1,149974000,149974001	3.08250212669373
chr1,149890000,149890001	chr1,149975000,149975001	4.03496980667114
chr1,149967000,149967001	chr1,149975000,149975001	6.17756128311157
chr1,149971000,149971001	chr1,149975000,149975001	3.69530272483826
chr1,149972000,149972001	chr1,149976000,149976001	3.10533380508423
chr1,149879000,149879001	chr1,149978000,149978001	3.08283376693726
chr1,149968000,149968001	chr1,149981000,149981001	4.3441915512085
chr1,149902000,149902001	chr1,149982000,149982001	3.18736219406128
chr1,149957000,149957001	chr1,149982000,149982001	6.35641431808472
chr1,149979000,149979001	chr1,149982000,149982001	4.87707376480103
chr1,149951000,149951001	chr1,149984000,149984001	5.7944016456604
chr1,149962000,149962001	chr1,149984000,149984001	4.18125677108765
chr1,149970000,149970001	chr1,149984000,149984001	3.54505157470703
chr1,149981000,149981001	chr1,149984000,149984001	4.41890478134155
chr1,149982000,149982001	chr1,149985000,149985001	3.9374635219574
chr1,149967000,149967001	chr1,149986000,149986001	6.18029737472534
chr1,149974000,149974001	chr1,149987000,149987001	3.85714888572693
chr1,149979000,149979001	chr1,149990000,149990001	5.17636013031006
chr1,149890000,149890001	chr1,149991000,149991001	4.44762945175171
chr1,149988000,149988001	chr1,149991000,149991001	4.28213262557983
chr1,149984000,149984001	chr1,149992000,149992001	3.06373405456543
chr1,149977000,149977001	chr1,149993000,149993001	3.18264937400818
chr1,149990000,149990001	chr1,149993000,149993001	4.04266214370728
chr1,149984000,149984001	chr1,149994000,149994001	4.71938133239746
chr1,149986000,149986001	chr1,149994000,149994001	3.5383985042572
chr1,149987000,149987001	chr1,149995000,149995001	4.69068050384521
chr1,149989000,149989001	chr1,149995000,149995001	4.2500638961792
chr1,149945000,149945001	chr1,149996000,149996001	3.81776022911072
chr1,149956000,149956001	chr1,149996000,149996001	3.62004232406616
chr1,149988000,149988001	chr1,149997000,149997001	5.55926990509033
chr1,149989000,149989001	chr1,149997000,149997001	3.82306718826294
chr1,149994000,149994001	chr1,149998000,149998001	3.94122505187988
chr1,149996000,149996001	chr1,149999000,149999001	3.58660936355591
chr1,149943000,149943001	chr1,150000000,150000001	4.48853969573975
chr1,149990000,149990001	chr1,150000000,150000001	3.58898687362671
chr1,149994000,149994001	chr1,150001000,150001001	4.40721559524536
chr1,149997000,149997001	chr1,150001000,150001001	4.84578466415405
chr1,149933000,149933001	chr1,150002000,150002001	3.77507424354553
chr1,149995000,149995001	chr1,150002000,150002001	4.20228433609009
chr1,149947000,149947001	chr1,150003000,150003001	5.63707828521729
chr1,149982000,149982001	chr1,150003000,150003001	8.7586784362793
chr1,149954000,149954001	chr1,150008000,150008001	5.51467132568359
chr1,149998000,149998001	chr1,150013000,150013001	4.63415145874023
chr1,149972000,149972001	chr1,150015000,150015001	3.57010269165039
chr1,149991000,149991001	chr1,150015000,150015001	3.01621103286743
chr1,149996000,149996001	chr1,150015000,150015001	5.01415586471558
chr1,149915000,149915001	chr1,150018000,150018001	5.93213605880737
chr1,149963000,149963001	chr1,150019000,150019001	3.27234745025635
chr1,149964000,149964001	chr1,150026000,150026001	3.53108310699463
chr1,149993000,149993001	chr1,150026000,150026001	4.41588163375854
chr1,149947000,149947001	chr1,150028000,150028001	3.23413920402527
chr1,149977000,149977001	chr1,150028000,150028001	4.19884443283081
chr1,149966000,149966001	chr1,150030000,150030001	3.67578887939453
chr1,149993000,149993001	chr1,150032000,150032001	4.1170129776001
chr1,149996000,149996001	chr1,150034000,150034001	3.91052436828613
chr1,149993000,149993001	chr1,150035000,150035001	3.93465352058411
chr1,149997000,149997001	chr1,150035000,150035001	3.36254620552063
chr1,149912000,149912001	chr1,150036000,150036001	3.44397664070129
chr1,149957000,149957001	chr1,150038000,150038001	3.29245066642761
chr1,149987000,149987001	chr1,150041000,150041001	3.01093339920044
chr1,149967000,149967001	chr1,150044000,150044001	3.714435338974
chr1,149989000,149989001	chr1,150044000,150044001	3.21271181106567
chr1,149984000,149984001	chr1,150046000,150046001	4.61505842208862
chr1,149911000,149911001	chr1,150047000,150047001	5.74842214584351
chr1,149913000,149913001	chr1,150049000,150049001	4.20360517501831
chr1,149945000,149945001	chr1,150049000,150049001	3.55024671554565
chr1,149987000,149987001	chr1,150049000,150049001	5.02435970306396
chr1,149942000,149942001	chr1,150050000,150050001	4.17517518997192
chr1,149965000,149965001	chr1,150051000,150051001	4.94438743591309
chr1,149989000,149989001	chr1,150052000,150052001	4.62220430374146
chr1,149954000,149954001	chr1,150053000,150053001	3.97594475746155
chr1,149981000,149981001	chr1,150053000,150053001	3.00391840934753
chr1,149943000,149943001	chr1,150054000,150054001	3.19616770744324
chr1,149988000,149988001	chr1,150059000,150059001	4.68378734588623
chr1,149940000,149940001	chr1,150060000,150060001	3.18668699264526
chr1,149950000,149950001	chr1,150060000,150060001	3.14937233924866
chr1,149943000,149943001	chr1,150063000,150063001	3.12243247032166
chr1,149987000,149987001	chr1,150065000,150065001	3.12335085868835
chr1,149972000,149972001	chr1,150073000,150073001	3.74042725563049
chr1,149961000,149961001	chr1,150081000,150081001	4.08319330215454
chr1,149995000,149995001	chr1,150081000,150081001	4.51420640945435
chr1,149921000,149921001	chr1,150082000,150082001	5.05926895141602
chr1,149949000,149949001	chr1,150082000,150082001	5.28175783157349
chr1,149895000,149895001	chr1,150085000,150085001	3.37702298164368
chr1,149976000,149976001	chr1,150086000,150086001	4.21556949615479
chr1,149984000,149984001	chr1,150090000,150090001	4.13124990463257
chr1,149980000,149980001	chr1,150091000,150091001	3.40821385383606
chr1,149998000,149998001	chr1,150092000,150092001	4.06882762908936
chr1,149996000,149996001	chr1,150097000,150097001	3.14591288566589
chr1,149964000,149964001	chr1,150100000,150100001	3.23893022537231
chr1,149933000,149933001	chr1,150101000,150101001	3.35355877876282
chr1,149999000,149999001	chr1,150106000,150106001	4.36112594604492
chr1,149989000,149989001	chr1,150111000,150111001	4.38419914245605
chr1,149985000,149985001	chr1,150113000,150113001	3.24303507804871
chr1,149963000,149963001	chr1,150114000,150114001	3.7653820514679
chr1,149938000,149938001	chr1,150116000,150116001	3.30901670455933
chr1,149972000,149972001	chr1,150117000,150117001	3.06237888336182
chr1,149997000,149997001	chr1,150119000,150119001	4.83089303970337
chr1,149877000,149877001	chr1,150121000,150121001	3.65388631820679
chr1,149957000,149957001	chr1,150126000,150126001	3.53767418861389
chr1,149954000,149954001	chr1,150129000,150129001	3.51214790344238
chr1,149961000,149961001	chr1,150129000,150129001	3.13323402404785
chr1,149951000,149951001	chr1,150131000,150131001	4.87685298919678
chr1,149812000,149812001	chr1,150133000,150133001	5.39174365997314
chr1,149986000,149986001	chr1,150135000,150135001	4.25371026992798
chr1,149922000,149922001	chr1,150138000,150138001	8.30578136444092
chr1,149979000,149979001	chr1,150144000,150144001	4.73859834671021
chr1,149879000,149879001	chr1,150145000,150145001	4.39795064926147
chr1,149983000,149983001	chr1,150152000,150152001	3.14085292816162
chr1,149977000,149977001	chr1,150154000,150154001	3.88450145721436
chr1,149950000,149950001	chr1,150156000,150156001	3.60874247550964
chr1,149962000,149962001	chr1,150164000,150164001	3.54316830635071
chr1,149988000,149988001	chr1,150165000,150165001	8.67954730987549
chr1,149956000,149956001	chr1,150172000,150172001	3.97777271270752
chr1,149882000,149882001	chr1,150176000,150176001	3.41725325584412
chr1,149989000,149989001	chr1,150176000,150176001	4.04265356063843
chr1,149964000,149964001	chr1,150192000,150192001	3.15753102302551
chr1,149877000,149877001	chr1,150194000,150194001	6.0469970703125
chr1,149990000,149990001	chr1,150194000,150194001	4.90292882919312
chr1,149957000,149957001	chr1,150195000,150195001	4.18998336791992
chr1,149949000,149949001	chr1,150197000,150197001	4.2606840133667
chr1,149996000,149996001	chr1,150197000,150197001	3.32676887512207
chr1,149983000,149983001	chr1,150207000,150207001	3.71977615356445
chr1,149982000,149982001	chr1,150219000,150219001	4.09462070465088
chr1,149963000,149963001	chr1,150222000,150222001	3.6291720867157
chr1,149963000,149963001	chr1,150223000,150223001	3.22611474990845
chr1,149914000,149914001	chr1,150248000,150248001	3.13168692588806
chr1,149961000,149961001	chr1,150252000,150252001	3.1726393699646
chr1,149966000,149966001	chr1,150252000,150252001	3.03108549118042
chr1,149999000,149999001	chr1,150265000,150265001	3.2263777256012
chr1,149921000,149921001	chr1,150270000,150270001	3.55071496963501
chr1,149931000,149931001	chr1,150270000,150270001	3.04303431510925
chr1,149906000,149906001	chr1,150280000,150280001	3.54448080062866
chr1,149911000,149911001	chr1,150329000,150329001	7.08155250549316
chr1,149884000,149884001	chr1,150333000,150333001	3.54159712791443
chr1,149908000,149908001	chr1,150362000,150362001	3.81344819068909
chr1,149968000,149968001	chr1,150430000,150430001	3.01519322395325
chr1,149880000,149880001	chr1,150499000,150499001	3.81007671356201
chr1,149882000,149882001	chr1,150519000,150519001	3.00522661209106
chr1,149982000,149982001	chr1,150530000,150530001	4.65149736404419
chr1,149848000,149848001	chr1,150533000,150533001	3.28911828994751
chr1,149934000,149934001	chr1,150584000,150584001	3.04481554031372
chr1,149881000,149881001	chr1,150694000,150694001	4.84184455871582
chr1,149959000,149959001	chr1,150704000,150704001	3.64254808425903
chr1,149998000,149998001	chr1,150734000,150734001	3.43409538269043
chr1,149968000,149968001	chr1,150838000,150838001	5.49113273620605
chr1,149954000,149954001	chr1,150839000,150839001	4.8724308013916
chr1,149847000,149847001	chr1,150857000,150857001	3.0937340259552
chr1,149895000,149895001	chr1,150882000,150882001	3.17198729515076
chr1,149882000,149882001	chr1,150929000,150929001	4.49292182922363
chr1,149998000,149998001	chr1,150956000,150956001	3.72411608695984
chr1,149967000,149967001	chr1,150962000,150962001	3.30225992202759
chr1,149893000,149893001	chr1,150963000,150963001	4.1849889755249
chr1,149945000,149945001	chr1,150963000,150963001	3.63196134567261
chr1,149988000,149988001	chr1,150996000,150996001	3.75808477401733
chr1,150001000,150001001	chr1,150005000,150005001	7.2153491973877
chr1,150002000,150002001	chr1,150007000,150007001	3.5607008934021
chr1,150003000,150003001	chr1,150012000,150012001	8.1204080581665
chr1,150002000,150002001	chr1,150015000,150015001	5.319748878479
chr1,150008000,150008001	chr1,150016000,150016001	3.79285502433777
chr1,150015000,150015001	chr1,150019000,150019001	4.05577993392944
chr1,150014000,150014001	chr1,150020000,150020001	3.92710757255554
chr1,150000000,150000001	chr1,150021000,150021001	5.35769701004028
chr1,150005000,150005001	chr1,150021000,150021001	5.11961698532104
chr1,150014000,150014001	chr1,150021000,150021001	4.28773498535156
chr1,150017000,150017001	chr1,150021000,150021001	4.84274959564209
chr1,150005000,150005001	chr1,150023000,150023001	3.10654091835022
chr1,150013000,150013001	chr1,150023000,150023001	3.3466808795929
chr1,150019000,150019001	chr1,150023000,150023001	3.24138140678406
chr1,150009000,150009001	chr1,150026000,150026001	3.43044805526733
chr1,150014000,150014001	chr1,150026000,150026001	3.13741278648376
chr1,150022000,150022001	chr1,150027000,150027001	5.84402322769165
chr1,150020000,150020001	chr1,150028000,150028001	3.64610815048218
chr1,150000000,150000001	chr1,150030000,150030001	3.97478556632996
chr1,150024000,150024001	chr1,150031000,150031001	7.15444231033325
chr1,150001000,150001001	chr1,150032000,150032001	3.06371212005615
chr1,150027000,150027001	chr1,150032000,150032001	6.10534763336182
chr1,150021000,150021001	chr1,150033000,150033001	5.28265428543091
chr1,150030000,150030001	chr1,150033000,150033001	3.91911244392395
chr1,150024000,150024001	chr1,150034000,150034001	3.71564483642578
chr1,150031000,150031001	chr1,150034000,150034001	3.226966381073
chr1,150031000,150031001	chr1,150035000,150035001	3.55308985710144
chr1,150006000,150006001	chr1,150036000,150036001	3.46692752838135
chr1,150026000,150026001	chr1,150036000,150036001	5.55707883834839
chr1,150033000,150033001	chr1,150036000,150036001	4.19676113128662
chr1,150035000,150035001	chr1,150038000,150038001	4.07510852813721
chr1,150032000,150032001	chr1,150039000,150039001	4.73833799362183
chr1,150035000,150035001	chr1,150039000,150039001	4.5284571647644
chr1,150018000,150018001	chr1,150040000,150040001	3.82204914093018
chr1,150018000,150018001	chr1,150041000,150041001	4.53726482391357
chr1,150039000,150039001	chr1,150042000,150042001	4.47589826583862
chr1,150031000,150031001	chr1,150043000,150043001	4.26267766952515
chr1,150037000,150037001	chr1,150043000,150043001	6.48833847045898
chr1,150018000,150018001	chr1,150047000,150047001	4.26035118103027
chr1,150021000,150021001	chr1,150048000,150048001	4.73795223236084
chr1,150030000,150030001	chr1,150048000,150048001	3.51500749588013
chr1,150028000,150028001	chr1,150049000,150049001	5.11490726470947
chr1,150042000,150042001	chr1,150049000,150049001	3.95755124092102
chr1,150013000,150013001	chr1,150052000,150052001	3.59754753112793
chr1,150042000,150042001	chr1,150052000,150052001	4.018235206604
chr1,150045000,150045001	chr1,150052000,150052001	3.81584811210632
chr1,150051000,150051001	chr1,150056000,150056001	4.43707227706909
chr1,150053000,150053001	chr1,150056000,150056001	3.29802322387695
chr1,150053000,150053001	chr1,150057000,150057001	5.61268186569214
chr1,150016000,150016001	chr1,150058000,150058001	4.86847448348999
chr1,150038000,150038001	chr1,150058000,150058001	3.80544304847717
chr1,150056000,150056001	chr1,150059000,150059001	4.38364028930664
chr1,150045000,150045001	chr1,150060000,150060001	3.36136960983276
chr1,150051000,150051001	chr1,150062000,150062001	3.82439279556274
chr1,150051000,150051001	chr1,150063000,150063001	6.85901498794556
chr1,150059000,150059001	chr1,150073000,150073001	3.45652151107788
chr1,150065000,150065001	chr1,150073000,150073001	3.03688454627991
chr1,150071000,150071001	chr1,150077000,150077001	4.08443450927734
chr1,150075000,150075001	chr1,150078000,150078001	6.22397899627686
chr1,150076000,150076001	chr1,150079000,150079001	6.17603540420532
chr1,150075000,150075001	chr1,150080000,150080001	3.25910043716431
chr1,150076000,150076001	chr1,150080000,150080001	4.58459711074829
chr1,150069000,150069001	chr1,150082000,150082001	4.26403093338013
chr1,150077000,150077001	chr1,150082000,150082001	3.45357203483582
chr1,150042000,150042001	chr1,150083000,150083001	5.0757098197937
chr1,150052000,150052001	chr1,150083000,150083001	5.13766717910767
chr1,150064000,150064001	chr1,150083000,150083001	3.3669114112854
chr1,150080000,150080001	chr1,150083000,150083001	3.44426941871643
chr1,150074000,150074001	chr1,150084000,150084001	3.63399052619934
chr1,150079000,150079001	chr1,150085000,150085001	3.72703814506531
chr1,150069000,150069001	chr1,150086000,150086001	9.11898517608643
chr1,150003000,150003001	chr1,150088000,150088001	6.27772283554077
chr1,150071000,150071001	chr1,150088000,150088001	3.19377398490906
chr1,150081000,150081001	chr1,150088000,150088001	3.40482902526855
chr1,150062000,150062001	chr1,150089000,150089001	3.14714694023132
chr1,150078000,150078001	chr1,150089000,150089001	3.02248668670654
chr1,150080000,150080001	chr1,150089000,150089001	3.16536641120911
chr1,150082000,150082001	chr1,150089000,150089001	4.5203161239624
chr1,150084000,150084001	chr1,150089000,150089001	6.54402208328247
chr1,150062000,150062001	chr1,150091000,150091001	4.14641284942627
chr1,150069000,150069001	chr1,150093000,150093001	3.97115206718445
chr1,150084000,150084001	chr1,150093000,150093001	5.0260705947876
chr1,150020000,150020001	chr1,150094000,150094001	3.143887758255
chr1,150083000,150083001	chr1,150094000,150094001	5.65647029876709
chr1,150087000,150087001	chr1,150094000,150094001	3.64208936691284
chr1,150090000,150090001	chr1,150095000,150095001	8.05076313018799
chr1,150056000,150056001	chr1,150096000,150096001	4.3998498916626
chr1,150079000,150079001	chr1,150096000,150096001	5.13829946517944
chr1,150090000,150090001	chr1,150096000,150096001	3.7466151714325
chr1,150085000,150085001	chr1,150097000,150097001	6.02774620056152
chr1,150089000,150089001	chr1,150098000,150098001	3.01790332794189
chr1,150095000,150095001	chr1,150098000,150098001	3.90715026855469
chr1,150075000,150075001	chr1,150099000,150099001	3.10373878479004
chr1,150081000,150081001	chr1,150099000,150099001	3.13439440727234
chr1,150096000,150096001	chr1,150099000,150099001	3.63243818283081
chr1,150095000,150095001	chr1,150100000,150100001	6.29003667831421
chr1,150007000,150007001	chr1,150101000,150101001	3.16312193870544
chr1,150023000,150023001	chr1,150101000,150101001	3.77682900428772
chr1,150083000,150083001	chr1,150102000,150102001	3.40328526496887
chr1,150094000,150094001	chr1,150102000,150102001	5.93261861801147
chr1,150006000,150006001	chr1,150103000,150103001	3.2156810760498
chr1,150100000,150100001	chr1,150103000,150103001	4.72790193557739
chr1,150073000,150073001	chr1,150104000,150104001	4.65098428726196
chr1,150086000,150086001	chr1,150104000,150104001	7.80826425552368
chr1,150093000,150093001	chr1,150105000,150105001	4.06225538253784
chr1,150098000,150098001	chr1,150105000,150105001	5.82421731948853
chr1,150099000,150099001	chr1,150105000,150105001	5.81759738922119
chr1,150001000,150001001	chr1,150106000,150106001	3.77248167991638
chr1,150065000,150065001	chr1,150106000,150106001	3.20694589614868
chr1,150102000,150102001	chr1,150106000,150106001	3.46970677375793
chr1,150018000,150018001	chr1,150107000,150107001	3.65279102325439
chr1,150075000,150075001	chr1,150108000,150108001	6.4455771446228
chr1,150105000,150105001	chr1,150108000,150108001	6.04074239730835
chr1,150031000,150031001	chr1,150109000,150109001	4.04947805404663
chr1,150057000,150057001	chr1,150109000,150109001	3.04890012741089
chr1,150096000,150096001	chr1,150109000,150109001	6.48146867752075
chr1,150105000,150105001	chr1,150109000,150109001	5.19025707244873
chr1,150099000,150099001	chr1,150110000,150110001	4.7629451751709
chr1,150104000,150104001	chr1,150111000,150111001	3.61737489700317
chr1,150108000,150108001	chr1,150111000,150111001	5.11494398117065
chr1,150050000,150050001	chr1,150113000,150113001	3.00631999969482
chr1,150086000,150086001	chr1,150113000,150113001	6.63648986816406
chr1,150089000,150089001	chr1,150113000,150113001	3.76291680335999
chr1,150049000,150049001	chr1,150114000,150114001	3.94878268241882
chr1,150028000,150028001	chr1,150115000,150115001	7.67676448822021
chr1,150101000,150101001	chr1,150115000,150115001	6.00138139724731
chr1,150112000,150112001	chr1,150115000,150115001	10.2997808456421
chr1,150110000,150110001	chr1,150117000,150117001	7.44881534576416
chr1,150110000,150110001	chr1,150118000,150118001	3.37988996505737
chr1,150116000,150116001	chr1,150119000,150119001	9.06827068328857
chr1,150111000,150111001	chr1,150120000,150120001	3.68833327293396
chr1,150116000,150116001	chr1,150120000,150120001	6.0373854637146
chr1,150117000,150117001	chr1,150120000,150120001	3.8825695514679
chr1,150100000,150100001	chr1,150122000,150122001	3.89504051208496
chr1,150110000,150110001	chr1,150122000,150122001	6.94318819046021
chr1,150120000,150120001	chr1,150123000,150123001	4.55669689178467
chr1,150093000,150093001	chr1,150124000,150124001	3.58786725997925
chr1,150109000,150109001	chr1,150124000,150124001	4.58414125442505
chr1,150120000,150120001	chr1,150124000,150124001	3.84723520278931
chr1,150076000,150076001	chr1,150125000,150125001	4.87758350372314
chr1,150102000,150102001	chr1,150125000,150125001	3.84327602386475
chr1,150121000,150121001	chr1,150125000,150125001	4.11503648757935
chr1,150077000,150077001	chr1,150129000,150129001	6.68260812759399
chr1,150036000,150036001	chr1,150130000,150130001	3.89324545860291
chr1,150071000,150071001	chr1,150130000,150130001	3.61927008628845
chr1,150124000,150124001	chr1,150130000,150130001	3.16257834434509
chr1,150125000,150125001	chr1,150130000,150130001	4.55980491638184
chr1,150127000,150127001	chr1,150130000,150130001	3.10302925109863
chr1,150072000,150072001	chr1,150131000,150131001	4.09995031356812
chr1,150117000,150117001	chr1,150131000,150131001	5.27209615707397
chr1,150008000,150008001	chr1,150132000,150132001	5.87517118453979
chr1,150023000,150023001	chr1,150133000,150133001	3.87744283676147
chr1,150077000,150077001	chr1,150134000,150134001	5.39674520492554
chr1,150117000,150117001	chr1,150135000,150135001	3.67247557640076
chr1,150129000,150129001	chr1,150135000,150135001	3.40684342384338
chr1,150030000,150030001	chr1,150136000,150136001	3.17833304405212
chr1,150118000,150118001	chr1,150138000,150138001	6.52230072021484
chr1,150119000,150119001	chr1,150140000,150140001	4.84511089324951
chr1,150129000,150129001	chr1,150140000,150140001	3.12512278556824
chr1,150133000,150133001	chr1,150140000,150140001	3.45761609077454
chr1,150135000,150135001	chr1,150140000,150140001	3.05118012428284
chr1,150119000,150119001	chr1,150141000,150141001	4.26761054992676
chr1,150135000,150135001	chr1,150141000,150141001	5.37500524520874
chr1,150135000,150135001	chr1,150142000,150142001	3.87675213813782
chr1,150089000,150089001	chr1,150143000,150143001	3.2877368927002
chr1,150125000,150125001	chr1,150143000,150143001	4.03992605209351
chr1,150058000,150058001	chr1,150144000,150144001	3.56910037994385
chr1,150146000,150146001	chr1,150149000,150149001	3.4140567779541
chr1,150008000,150008001	chr1,150154000,150154001	6.98750829696655
chr1,150147000,150147001	chr1,150155000,150155001	3.81567907333374
chr1,150133000,150133001	chr1,150156000,150156001	4.20721530914307
chr1,150146000,150146001	chr1,150156000,150156001	9.39545726776123
chr1,150113000,150113001	chr1,150157000,150157001	4.08735656738281
chr1,150134000,150134001	chr1,150158000,150158001	5.11137390136719
chr1,150108000,150108001	chr1,150159000,150159001	4.77495908737183
chr1,150117000,150117001	chr1,150159000,150159001	3.59587526321411
chr1,150049000,150049001	chr1,150161000,150161001	3.37774038314819
chr1,150093000,150093001	chr1,150161000,150161001	3.05778670310974
chr1,150132000,150132001	chr1,150161000,150161001	3.40628337860107
chr1,150091000,150091001	chr1,150162000,150162001	6.84707975387573
chr1,150155000,150155001	chr1,150162000,150162001	8.56828117370605
chr1,150158000,150158001	chr1,150162000,150162001	3.76058435440063
chr1,150157000,150157001	chr1,150163000,150163001	3.89831924438477
chr1,150156000,150156001	chr1,150164000,150164001	5.36616563796997
chr1,150160000,150160001	chr1,150164000,150164001	3.191978931427
chr1,150161000,150161001	chr1,150164000,150164001	4.48267793655396
chr1,150154000,150154001	chr1,150166000,150166001	3.51636242866516
chr1,150163000,150163001	chr1,150167000,150167001	3.96689677238464
chr1,150155000,150155001	chr1,150168000,150168001	4.54013824462891
chr1,150075000,150075001	chr1,150169000,150169001	3.03691387176514
chr1,150165000,150165001	chr1,150169000,150169001	3.28104782104492
chr1,150166000,150166001	chr1,150169000,150169001	3.71913528442383
chr1,150030000,150030001	chr1,150170000,150170001	3.25522780418396
chr1,150138000,150138001	chr1,150171000,150171001	6.63657093048096
chr1,150072000,150072001	chr1,150172000,150172001	3.6753408908844
chr1,150167000,150167001	chr1,150172000,150172001	3.03683972358704
chr1,150046000,150046001	chr1,150173000,150173001	3.25731587409973
chr1,150049000,150049001	chr1,150173000,150173001	4.3610987663269
chr1,150168000,150168001	chr1,150173000,150173001	5.16496181488037
chr1,150072000,150072001	chr1,150174000,150174001	5.03576517105103
chr1,150155000,150155001	chr1,150174000,150174001	6.20643377304077
chr1,150104000,150104001	chr1,150175000,150175001	3.20167136192322
chr1,150043000,150043001	chr1,150177000,150177001	3.08043479919434
chr1,150084000,150084001	chr1,150178000,150178001	4.0605673789978
chr1,150123000,150123001	chr1,150178000,150178001	3.43317461013794
chr1,150173000,150173001	chr1,150178000,150178001	6.37918186187744
chr1,150172000,150172001	chr1,150179000,150179001	3.11915683746338
chr1,150175000,150175001	chr1,150179000,150179001	4.50011873245239
chr1,150115000,150115001	chr1,150180000,150180001	3.2133891582489
chr1,150119000,150119001	chr1,150182000,150182001	4.39146280288696
chr1,150124000,150124001	chr1,150182000,150182001	3.02558159828186
chr1,150177000,150177001	chr1,150182000,150182001	3.86286425590515
chr1,150131000,150131001	chr1,150184000,150184001	3.53220534324646
chr1,150157000,150157001	chr1,150184000,150184001	3.4308648109436
chr1,150172000,150172001	chr1,150184000,150184001	3.16639423370361
chr1,150182000,150182001	chr1,150185000,150185001	4.17863702774048
chr1,150152000,150152001	chr1,150187000,150187001	3.53188467025757
chr1,150173000,150173001	chr1,150187000,150187001	4.07851457595825
chr1,150138000,150138001	chr1,150188000,150188001	6.42916440963745
chr1,150048000,150048001	chr1,150191000,150191001	3.98949480056763
chr1,150087000,150087001	chr1,150191000,150191001	4.27037906646729
chr1,150121000,150121001	chr1,150191000,150191001	3.72395443916321
chr1,150187000,150187001	chr1,150191000,150191001	4.83612108230591
chr1,150114000,150114001	chr1,150194000,150194001	4.70610094070435
chr1,150083000,150083001	chr1,150195000,150195001	3.27689695358276
chr1,150182000,150182001	chr1,150195000,150195001	3.90100002288818
chr1,150139000,150139001	chr1,150196000,150196001	3.68023347854614
chr1,150176000,150176001	chr1,150196000,150196001	3.0949878692627
chr1,150193000,150193001	chr1,150196000,150196001	5.04973983764648
chr1,150192000,150192001	chr1,150197000,150197001	3.15088748931885
chr1,150075000,150075001	chr1,150198000,150198001	3.02591633796692
chr1,150050000,150050001	chr1,150199000,150199001	3.84050583839417
chr1,150077000,150077001	chr1,150199000,150199001	3.67263317108154
chr1,150087000,150087001	chr1,150207000,150207001	3.69355821609497
chr1,150103000,150103001	chr1,150207000,150207001	5.13022994995117
chr1,150194000,150194001	chr1,150208000,150208001	4.57860565185547
chr1,150201000,150201001	chr1,150209000,150209001	3.79019522666931
chr1,150204000,150204001	chr1,150209000,150209001	4.3686318397522
chr1,150083000,150083001	chr1,150210000,150210001	4.24019384384155
chr1,150021000,150021001	chr1,150212000,150212001	3.2753324508667
chr1,150191000,150191001	chr1,150214000,150214001	4.29940557479858
chr1,150210000,150210001	chr1,150215000,150215001	3.21409821510315
chr1,150053000,150053001	chr1,150216000,150216001	3.24438428878784
chr1,150146000,150146001	chr1,150218000,150218001	5.81368780136108
chr1,150192000,150192001	chr1,150219000,150219001	4.2449107170105
chr1,150214000,150214001	chr1,150219000,150219001	3.4651780128479
chr1,150173000,150173001	chr1,150222000,150222001	4.20698261260986
chr1,150085000,150085001	chr1,150223000,150223001	3.48547792434692
chr1,150093000,150093001	chr1,150223000,150223001	3.06277370452881
chr1,150051000,150051001	chr1,150225000,150225001	4.2584023475647
chr1,150239000,150239001	chr1,150242000,150242001	3.40593981742859
chr1,150239000,150239001	chr1,150245000,150245001	6.08978080749512
chr1,150246000,150246001	chr1,150251000,150251001	3.44521689414978
chr1,150247000,150247001	chr1,150252000,150252001	3.54497575759888
chr1,150249000,150249001	chr1,150252000,150252001	3.03143835067749
chr1,150008000,150008001	chr1,150253000,150253001	3.69075870513916
chr1,150083000,150083001	chr1,150260000,150260001	3.03166246414185
chr1,150145000,150145001	chr1,150265000,150265001	3.09524917602539
chr1,150259000,150259001	chr1,150265000,150265001	3.25470590591431
chr1,150270000,150270001	chr1,150276000,150276001	3.70409440994263
chr1,150129000,150129001	chr1,150278000,150278001	3.17409253120422
chr1,150131000,150131001	chr1,150280000,150280001	5.215163230896
chr1,150216000,150216001	chr1,150280000,150280001	3.05601930618286
chr1,150277000,150277001	chr1,150280000,150280001	3.09440159797668
chr1,150284000,150284001	chr1,150287000,150287001	4.79197835922241
chr1,150252000,150252001	chr1,150290000,150290001	3.27036380767822
chr1,150288000,150288001	chr1,150291000,150291001	5.2674994468689
chr1,150275000,150275001	chr1,150295000,150295001	4.00450801849365
chr1,150277000,150277001	chr1,150295000,150295001	3.48403406143188
chr1,150296000,150296001	chr1,150300000,150300001	4.40329504013062
chr1,150288000,150288001	chr1,150308000,150308001	3.83417344093323
chr1,150305000,150305001	chr1,150308000,150308001	5.56623935699463
chr1,150292000,150292001	chr1,150309000,150309001	3.56381416320801
chr1,150306000,150306001	chr1,150309000,150309001	3.32084774971008
chr1,150305000,150305001	chr1,150310000,150310001	3.5775191783905
chr1,150310000,150310001	chr1,150313000,150313001	4.65327596664429
chr1,150306000,150306001	chr1,150315000,150315001	3.64562821388245
chr1,150308000,150308001	chr1,150315000,150315001	6.07208919525146
chr1,150307000,150307001	chr1,150316000,150316001	3.11843061447144
chr1,150159000,150159001	chr1,150318000,150318001	3.70103716850281
chr1,150110000,150110001	chr1,150319000,150319001	4.85267877578735
chr1,150077000,150077001	chr1,150324000,150324001	3.11206603050232
chr1,150084000,150084001	chr1,150330000,150330001	3.64500641822815
chr1,150072000,150072001	chr1,150332000,150332001	4.0585503578186
chr1,150306000,150306001	chr1,150332000,150332001	4.02174758911133
chr1,150317000,150317001	chr1,150332000,150332001	5.12273168563843
chr1,150323000,150323001	chr1,150332000,150332001	4.45824003219604
chr1,150309000,150309001	chr1,150333000,150333001	3.09683513641357
chr1,150326000,150326001	chr1,150334000,150334001	3.40212512016296
chr1,150324000,150324001	chr1,150335000,150335001	3.62222933769226
chr1,150327000,150327001	chr1,150337000,150337001	3.45592784881592
chr1,150018000,150018001	chr1,150339000,150339001	4.7777681350708
chr1,150332000,150332001	chr1,150339000,150339001	3.24853849411011
chr1,150105000,150105001	chr1,150341000,150341001	3.69510412216187
chr1,150335000,150335001	chr1,150343000,150343001	3.39164423942566
chr1,150317000,150317001	chr1,150345000,150345001	3.9968318939209
chr1,150332000,150332001	chr1,150349000,150349001	4.42274141311646
chr1,150104000,150104001	chr1,150353000,150353001	3.48943758010864
chr1,150311000,150311001	chr1,150353000,150353001	3.95279741287231
chr1,150332000,150332001	chr1,150353000,150353001	4.78242874145508
chr1,150296000,150296001	chr1,150360000,150360001	3.22046661376953
chr1,150239000,150239001	chr1,150362000,150362001	3.82010650634766
chr1,150349000,150349001	chr1,150366000,150366001	3.25787281990051
chr1,150344000,150344001	chr1,150368000,150368001	3.42932677268982
chr1,150360000,150360001	chr1,150368000,150368001	3.87790584564209
chr1,150366000,150366001	chr1,150369000,150369001	3.94135427474976
chr1,150360000,150360001	chr1,150370000,150370001	4.6158013343811
chr1,150369000,150369001	chr1,150375000,150375001	3.24603319168091
chr1,150372000,150372001	chr1,150375000,150375001	3.27840352058411
chr1,150368000,150368001	chr1,150376000,150376001	4.40624952316284
chr1,150369000,150369001	chr1,150376000,150376001	7.63863229751587
chr1,150372000,150372001	chr1,150377000,150377001	3.32448196411133
chr1,150223000,150223001	chr1,150379000,150379001	3.59480571746826
chr1,150341000,150341001	chr1,150379000,150379001	3.451984167099
chr1,150375000,150375001	chr1,150390000,150390001	4.02059507369995
chr1,150280000,150280001	chr1,150391000,150391001	3.61829280853271
chr1,150387000,150387001	chr1,150392000,150392001	3.48601675033569
chr1,150389000,150389001	chr1,150392000,150392001	4.69309139251709
chr1,150382000,150382001	chr1,150395000,150395001	3.09447598457336
chr1,150390000,150390001	chr1,150395000,150395001	3.09164118766785
chr1,150374000,150374001	chr1,150399000,150399001	3.12671089172363
chr1,150386000,150386001	chr1,150403000,150403001	3.03070759773254
chr1,150311000,150311001	chr1,150405000,150405001	4.44197845458984
chr1,150404000,150404001	chr1,150409000,150409001	5.47270154953003
chr1,150034000,150034001	chr1,150410000,150410001	4.51971769332886
chr1,150328000,150328001	chr1,150410000,150410001	4.71795988082886
chr1,150407000,150407001	chr1,150414000,150414001	3.06625843048096
chr1,150390000,150390001	chr1,150416000,150416001	3.67641472816467
chr1,150250000,150250001	chr1,150417000,150417001	3.65799427032471
chr1,150367000,150367001	chr1,150417000,150417001	4.51131057739258
chr1,150402000,150402001	chr1,150417000,150417001	3.60347890853882
chr1,150411000,150411001	chr1,150417000,150417001	4.58048343658447
chr1,150341000,150341001	chr1,150423000,150423001	3.0211443901062
chr1,150407000,150407001	chr1,150425000,150425001	4.16832542419434
chr1,150417000,150417001	chr1,150425000,150425001	7.29894018173218
chr1,150405000,150405001	chr1,150426000,150426001	3.24734210968018
chr1,150291000,150291001	chr1,150430000,150430001	3.50083088874817
chr1,150414000,150414001	chr1,150430000,150430001	3.37757349014282
chr1,150368000,150368001	chr1,150431000,150431001	4.80424880981445
chr1,150407000,150407001	chr1,150431000,150431001	3.610915184021
chr1,150389000,150389001	chr1,150432000,150432001	3.08677935600281
chr1,150428000,150428001	chr1,150432000,150432001	3.91829633712769
chr1,150078000,150078001	chr1,150433000,150433001	3.35217547416687
chr1,150397000,150397001	chr1,150435000,150435001	3.13028478622437
chr1,150110000,150110001	chr1,150436000,150436001	4.4361047744751
chr1,150417000,150417001	chr1,150437000,150437001	5.35931968688965
chr1,150423000,150423001	chr1,150440000,150440001	3.46878433227539
chr1,150432000,150432001	chr1,150440000,150440001	3.17343974113464
chr1,150360000,150360001	chr1,150441000,150441001	3.07506108283997
chr1,150433000,150433001	chr1,150441000,150441001	4.90402412414551
chr1,150438000,150438001	chr1,150441000,150441001	4.7784366607666
chr1,150393000,150393001	chr1,150442000,150442001	5.38753843307495
chr1,150439000,150439001	chr1,150442000,150442001	4.61358070373535
chr1,150418000,150418001	chr1,150443000,150443001	4.20707178115845
chr1,150439000,150439001	chr1,150443000,150443001	4.46193361282349
chr1,150397000,150397001	chr1,150444000,150444001	4.55796098709106
chr1,150441000,150441001	chr1,150444000,150444001	7.65041303634644
chr1,150433000,150433001	chr1,150445000,150445001	3.29981994628906
chr1,150441000,150441001	chr1,150446000,150446001	3.93169617652893
chr1,150443000,150443001	chr1,150447000,150447001	3.55725359916687
chr1,150444000,150444001	chr1,150447000,150447001	3.62593579292297
chr1,150384000,150384001	chr1,150450000,150450001	3.54495120048523
chr1,150404000,150404001	chr1,150450000,150450001	4.40696287155151
chr1,150051000,150051001	chr1,150451000,150451001	3.36753726005554
chr1,150287000,150287001	chr1,150452000,150452001	3.42235136032104
chr1,150431000,150431001	chr1,150453000,150453001	3.22291469573975
chr1,150450000,150450001	chr1,150454000,150454001	3.26211261749268
chr1,150408000,150408001	chr1,150457000,150457001	3.52257752418518
chr1,150443000,150443001	chr1,150458000,150458001	3.36507439613342
chr1,150442000,150442001	chr1,150459000,150459001	3.83531713485718
chr1,150372000,150372001	chr1,150460000,150460001	3.02020597457886
chr1,150460000,150460001	chr1,150464000,150464001	4.35986185073853
chr1,150454000,150454001	chr1,150465000,150465001	3.51263189315796
chr1,150462000,150462001	chr1,150471000,150471001	4.49775695800781
chr1,150467000,150467001	chr1,150471000,150471001	7.31558132171631
chr1,150468000,150468001	chr1,150471000,150471001	4.59382724761963
chr1,150468000,150468001	chr1,150472000,150472001	4.84640693664551
chr1,150409000,150409001	chr1,150474000,150474001	4.40324878692627
chr1,150458000,150458001	chr1,150474000,150474001	3.374192237854
chr1,150472000,150472001	chr1,150476000,150476001	11.5665330886841
chr1,150440000,150440001	chr1,150477000,150477001	5.03520345687866
chr1,150470000,150470001	chr1,150477000,150477001	4.86738777160645
chr1,150473000,150473001	chr1,150478000,150478001	3.12556076049805
chr1,150475000,150475001	chr1,150478000,150478001	4.26181316375732
chr1,150021000,150021001	chr1,150479000,150479001	4.78521156311035
chr1,150450000,150450001	chr1,150480000,150480001	3.84227466583252
chr1,150471000,150471001	chr1,150480000,150480001	7.163414478302
chr1,150477000,150477001	chr1,150481000,150481001	4.34155893325806
chr1,150473000,150473001	chr1,150482000,150482001	4.74458265304565
chr1,150450000,150450001	chr1,150483000,150483001	4.08970499038696
chr1,150474000,150474001	chr1,150483000,150483001	4.06985330581665
chr1,150482000,150482001	chr1,150492000,150492001	3.74174284934998
chr1,150490000,150490001	chr1,150493000,150493001	8.08789730072021
chr1,150463000,150463001	chr1,150496000,150496001	4.22647619247437
chr1,150489000,150489001	chr1,150496000,150496001	3.57433795928955
chr1,150490000,150490001	chr1,150496000,150496001	3.20830869674683
chr1,150492000,150492001	chr1,150496000,150496001	4.36574029922485
chr1,150465000,150465001	chr1,150497000,150497001	3.31689190864563
chr1,150309000,150309001	chr1,150498000,150498001	3.34083104133606
chr1,150481000,150481001	chr1,150499000,150499001	3.05610585212708
chr1,150495000,150495001	chr1,150500000,150500001	4.8537278175354
chr1,150141000,150141001	chr1,150503000,150503001	3.25566792488098
chr1,150358000,150358001	chr1,150503000,150503001	3.60872793197632
chr1,150497000,150497001	chr1,150503000,150503001	5.09880352020264
chr1,150500000,150500001	chr1,150504000,150504001	5.95514297485352
chr1,150501000,150501001	chr1,150505000,150505001	3.88493657112122
chr1,150389000,150389001	chr1,150510000,150510001	3.68656826019287
chr1,150504000,150504001	chr1,150510000,150510001	5.61814785003662
chr1,150505000,150505001	chr1,150510000,150510001	4.02237606048584
chr1,150339000,150339001	chr1,150511000,150511001	4.13696241378784
chr1,150386000,150386001	chr1,150511000,150511001	5.98065042495728
chr1,150506000,150506001	chr1,150511000,150511001	3.09471344947815
chr1,150199000,150199001	chr1,150512000,150512001	3.41002726554871
chr1,150482000,150482001	chr1,150512000,150512001	3.17080450057983
chr1,150502000,150502001	chr1,150513000,150513001	4.22755575180054
chr1,150509000,150509001	chr1,150513000,150513001	3.10088777542114
chr1,150511000,150511001	chr1,150514000,150514001	3.51950216293335
chr1,150457000,150457001	chr1,150517000,150517001	3.44982576370239
chr1,150442000,150442001	chr1,150518000,150518001	4.84957361221313
chr1,150369000,150369001	chr1,150520000,150520001	3.01658773422241
chr1,150521000,150521001	chr1,150524000,150524001	4.73119735717773
chr1,150443000,150443001	chr1,150525000,150525001	3.19064974784851
chr1,150509000,150509001	chr1,150530000,150530001	3.52716088294983
chr1,150519000,150519001	chr1,150530000,150530001	3.69754600524902
chr1,150524000,150524001	chr1,150530000,150530001	3.49713778495789
chr1,150527000,150527001	chr1,150530000,150530001	5.72578287124634
chr1,150528000,150528001	chr1,150532000,150532001	4.74965143203735
chr1,150430000,150430001	chr1,150533000,150533001	3.72981119155884
chr1,150510000,150510001	chr1,150533000,150533001	3.81735944747925
chr1,150220000,150220001	chr1,150543000,150543001	3.63666343688965
chr1,150435000,150435001	chr1,150543000,150543001	3.89983892440796
chr1,150519000,150519001	chr1,150543000,150543001	3.26181411743164
chr1,150524000,150524001	chr1,150543000,150543001	3.08502268791199
chr1,150083000,150083001	chr1,150544000,150544001	4.17401933670044
chr1,150540000,150540001	chr1,150545000,150545001	3.72741150856018
chr1,150474000,150474001	chr1,150546000,150546001	3.11304712295532
chr1,150540000,150540001	chr1,150547000,150547001	3.7356264591217
chr1,150544000,150544001	chr1,150547000,150547001	4.89595365524292
chr1,150504000,150504001	chr1,150553000,150553001	3.36133790016174
chr1,150473000,150473001	chr1,150554000,150554001	7.4872932434082
chr1,150496000,150496001	chr1,150555000,150555001	3.19015884399414
chr1,150532000,150532001	chr1,150555000,150555001	3.34374594688416
chr1,150434000,150434001	chr1,150557000,150557001	5.67103624343872
chr1,150309000,150309001	chr1,150560000,150560001	3.29814767837524
chr1,150501000,150501001	chr1,150561000,150561001	3.33132910728455
chr1,150542000,150542001	chr1,150563000,150563001	3.14459800720215
chr1,150559000,150559001	chr1,150563000,150563001	4.64238357543945
chr1,150477000,150477001	chr1,150565000,150565001	3.77159190177917
chr1,150561000,150561001	chr1,150566000,150566001	4.11745548248291
chr1,150081000,150081001	chr1,150567000,150567001	3.34240484237671
chr1,150557000,150557001	chr1,150567000,150567001	3.7463071346283
chr1,150565000,150565001	chr1,150569000,150569001	3.77425837516785
chr1,150560000,150560001	chr1,150572000,150572001	3.42457699775696
chr1,150452000,150452001	chr1,150574000,150574001	3.92097091674805
chr1,150544000,150544001	chr1,150574000,150574001	3.06400394439697
chr1,150324000,150324001	chr1,150575000,150575001	4.17572402954102
chr1,150567000,150567001	chr1,150575000,150575001	6.59066867828369
chr1,150341000,150341001	chr1,150576000,150576001	4.99862146377563
chr1,150569000,150569001	chr1,150576000,150576001	4.09987545013428
chr1,150574000,150574001	chr1,150577000,150577001	3.49260973930359
chr1,150577000,150577001	chr1,150581000,150581001	6.58194637298584
chr1,150199000,150199001	chr1,150584000,150584001	3.09260201454163
chr1,150567000,150567001	chr1,150585000,150585001	3.20184230804443
chr1,150374000,150374001	chr1,150586000,150586001	3.85810303688049
chr1,150471000,150471001	chr1,150587000,150587001	7.90231513977051
chr1,150443000,150443001	chr1,150590000,150590001	3.59051728248596
chr1,150562000,150562001	chr1,150590000,150590001	3.08432197570801
chr1,150589000,150589001	chr1,150592000,150592001	4.90251350402832
chr1,150157000,150157001	chr1,150593000,150593001	3.47233939170837
chr1,150563000,150563001	chr1,150595000,150595001	3.49112129211426
chr1,150442000,150442001	chr1,150596000,150596001	5.18480157852173
chr1,150592000,150592001	chr1,150596000,150596001	3.63737559318542
chr1,150597000,150597001	chr1,150600000,150600001	3.12541627883911
chr1,150598000,150598001	chr1,150604000,150604001	4.43869733810425
chr1,150599000,150599001	chr1,150606000,150606001	3.12852025032043
chr1,150324000,150324001	chr1,150607000,150607001	3.43103742599487
chr1,150470000,150470001	chr1,150608000,150608001	3.15578174591064
chr1,150598000,150598001	chr1,150609000,150609001	3.266037940979
chr1,150607000,150607001	chr1,150611000,150611001	3.39742088317871
chr1,150577000,150577001	chr1,150612000,150612001	3.07161736488342
chr1,150608000,150608001	chr1,150615000,150615001	4.12280607223511
chr1,150614000,150614001	chr1,150617000,150617001	3.37849760055542
chr1,150431000,150431001	chr1,150620000,150620001	3.50566935539246
chr1,150493000,150493001	chr1,150622000,150622001	3.34445190429688
chr1,150564000,150564001	chr1,150622000,150622001	3.15146327018738
chr1,150619000,150619001	chr1,150622000,150622001	3.56627988815308
chr1,150453000,150453001	chr1,150623000,150623001	3.59859156608582
chr1,150590000,150590001	chr1,150623000,150623001	3.05235052108765
chr1,150603000,150603001	chr1,150623000,150623001	3.46190905570984
chr1,150613000,150613001	chr1,150623000,150623001	3.70503926277161
chr1,150613000,150613001	chr1,150624000,150624001	5.870765209198
chr1,150614000,150614001	chr1,150624000,150624001	3.53923201560974
chr1,150617000,150617001	chr1,150624000,150624001	6.0788369178772
chr1,150534000,150534001	chr1,150625000,150625001	13.0104036331177
chr1,150600000,150600001	chr1,150625000,150625001	3.72234511375427
chr1,150610000,150610001	chr1,150625000,150625001	5.10355854034424
chr1,150619000,150619001	chr1,150625000,150625001	10.689528465271
chr1,150254000,150254001	chr1,150626000,150626001	3.3499128818512
chr1,150382000,150382001	chr1,150626000,150626001	3.42786312103271
chr1,150567000,150567001	chr1,150626000,150626001	3.67777013778687
chr1,150593000,150593001	chr1,150626000,150626001	3.65739631652832
chr1,150623000,150623001	chr1,150626000,150626001	6.03287649154663
chr1,150503000,150503001	chr1,150627000,150627001	3.90307927131653
chr1,150510000,150510001	chr1,150627000,150627001	3.56530714035034
chr1,150558000,150558001	chr1,150627000,150627001	3.60500550270081
chr1,150410000,150410001	chr1,150642000,150642001	3.54693555831909
chr1,150637000,150637001	chr1,150643000,150643001	4.69925355911255
chr1,150075000,150075001	chr1,150644000,150644001	3.69717645645142
chr1,150622000,150622001	chr1,150644000,150644001	3.65383172035217
chr1,150559000,150559001	chr1,150648000,150648001	5.49613618850708
chr1,150638000,150638001	chr1,150648000,150648001	5.65321493148804
chr1,150469000,150469001	chr1,150649000,150649001	4.83692121505737
chr1,150546000,150546001	chr1,150649000,150649001	5.02382516860962
chr1,150645000,150645001	chr1,150649000,150649001	4.87711429595947
chr1,150477000,150477001	chr1,150650000,150650001	5.05266952514648
chr1,150646000,150646001	chr1,150650000,150650001	6.22403955459595
chr1,150608000,150608001	chr1,150651000,150651001	3.36800169944763
chr1,150543000,150543001	chr1,150652000,150652001	4.08600616455078
chr1,150433000,150433001	chr1,150654000,150654001	3.06431245803833
chr1,150509000,150509001	chr1,150655000,150655001	3.85200524330139
chr1,150619000,150619001	chr1,150655000,150655001	3.89698004722595
chr1,150375000,150375001	chr1,150657000,150657001	3.86362290382385
chr1,150650000,150650001	chr1,150657000,150657001	4.63068294525146
chr1,150556000,150556001	chr1,150658000,150658001	3.63944292068481
chr1,150637000,150637001	chr1,150658000,150658001	3.1624550819397
chr1,150390000,150390001	chr1,150659000,150659001	3.10286450386047
chr1,150279000,150279001	chr1,150660000,150660001	3.27577519416809
chr1,150158000,150158001	chr1,150661000,150661001	3.06914329528809
chr1,150641000,150641001	chr1,150661000,150661001	3.19731521606445
chr1,150248000,150248001	chr1,150663000,150663001	4.40551233291626
chr1,150660000,150660001	chr1,150664000,150664001	4.67415618896484
chr1,150372000,150372001	chr1,150665000,150665001	4.14903402328491
chr1,150568000,150568001	chr1,150665000,150665001	3.44820141792297
chr1,150622000,150622001	chr1,150665000,150665001	4.74046039581299
chr1,150655000,150655001	chr1,150665000,150665001	5.18004179000854
chr1,150660000,150660001	chr1,150665000,150665001	4.26138257980347
chr1,150557000,150557001	chr1,150668000,150668001	4.16939067840576
chr1,150661000,150661001	chr1,150669000,150669001	3.17228722572327
chr1,150663000,150663001	chr1,150669000,150669001	6.40062475204468
chr1,150373000,150373001	chr1,150670000,150670001	3.12165379524231
chr1,150196000,150196001	chr1,150671000,150671001	3.33852505683899
chr1,150657000,150657001	chr1,150671000,150671001	4.67537975311279
chr1,150658000,150658001	chr1,150671000,150671001	3.906414270401
chr1,150568000,150568001	chr1,150672000,150672001	3.14763498306274
chr1,150665000,150665001	chr1,150672000,150672001	7.22898626327515
chr1,150666000,150666001	chr1,150672000,150672001	3.18886518478394
chr1,150670000,150670001	chr1,150673000,150673001	4.50386667251587
chr1,150645000,150645001	chr1,150674000,150674001	3.23697924613953
chr1,150648000,150648001	chr1,150674000,150674001	4.01000595092773
chr1,150666000,150666001	chr1,150676000,150676001	3.57401609420776
chr1,150671000,150671001	chr1,150676000,150676001	3.87351560592651
chr1,150470000,150470001	chr1,150678000,150678001	3.84594678878784
chr1,150671000,150671001	chr1,150679000,150679001	4.69504261016846
chr1,150032000,150032001	chr1,150680000,150680001	3.03164482116699
chr1,150474000,150474001	chr1,150680000,150680001	3.81823992729187
chr1,150672000,150672001	chr1,150681000,150681001	3.53216338157654
chr1,150678000,150678001	chr1,150682000,150682001	3.13739967346191
chr1,150544000,150544001	chr1,150683000,150683001	3.20017457008362
chr1,150623000,150623001	chr1,150683000,150683001	4.39895009994507
chr1,150679000,150679001	chr1,150685000,150685001	7.19177627563477
chr1,150646000,150646001	chr1,150689000,150689001	3.76644778251648
chr1,150680000,150680001	chr1,150689000,150689001	3.27817821502686
chr1,150682000,150682001	chr1,150689000,150689001	3.37767887115479
chr1,150194000,150194001	chr1,150690000,150690001	3.3901252746582
chr1,150151000,150151001	chr1,150691000,150691001	3.35581564903259
chr1,150265000,150265001	chr1,150691000,150691001	3.43853306770325
chr1,150606000,150606001	chr1,150691000,150691001	3.95908284187317
chr1,150388000,150388001	chr1,150693000,150693001	3.45295715332031
chr1,150690000,150690001	chr1,150694000,150694001	3.0797324180603
chr1,150691000,150691001	chr1,150694000,150694001	3.84846186637878
chr1,150358000,150358001	chr1,150699000,150699001	4.40707397460938
chr1,150644000,150644001	chr1,150699000,150699001	4.13827896118164
chr1,150689000,150689001	chr1,150704000,150704001	4.62073230743408
chr1,150570000,150570001	chr1,150705000,150705001	3.08470511436462
chr1,150012000,150012001	chr1,150706000,150706001	4.51161861419678
chr1,150260000,150260001	chr1,150708000,150708001	3.05585694313049
chr1,150703000,150703001	chr1,150708000,150708001	3.8435320854187
chr1,150378000,150378001	chr1,150709000,150709001	6.37638139724731
chr1,150703000,150703001	chr1,150709000,150709001	6.98639535903931
chr1,150706000,150706001	chr1,150710000,150710001	3.21345901489258
chr1,150347000,150347001	chr1,150711000,150711001	4.86358976364136
chr1,150678000,150678001	chr1,150712000,150712001	3.16318416595459
chr1,150693000,150693001	chr1,150712000,150712001	3.44770050048828
chr1,150704000,150704001	chr1,150712000,150712001	3.02494502067566
chr1,150705000,150705001	chr1,150712000,150712001	3.10492491722107
chr1,150647000,150647001	chr1,150714000,150714001	3.77588701248169
chr1,150615000,150615001	chr1,150715000,150715001	3.11838960647583
chr1,150706000,150706001	chr1,150715000,150715001	3.27883839607239
chr1,150708000,150708001	chr1,150716000,150716001	3.50647187232971
chr1,150258000,150258001	chr1,150719000,150719001	3.32746243476868
chr1,150654000,150654001	chr1,150719000,150719001	3.64697051048279
chr1,150675000,150675001	chr1,150719000,150719001	4.15386152267456
chr1,150715000,150715001	chr1,150719000,150719001	4.06329154968262
chr1,150693000,150693001	chr1,150723000,150723001	3.19729685783386
chr1,150719000,150719001	chr1,150724000,150724001	6.39173889160156
chr1,150648000,150648001	chr1,150726000,150726001	3.54938077926636
chr1,150670000,150670001	chr1,150730000,150730001	5.25789594650269
chr1,150713000,150713001	chr1,150730000,150730001	4.74196672439575
chr1,150699000,150699001	chr1,150731000,150731001	3.51052665710449
chr1,150335000,150335001	chr1,150732000,150732001	3.55073308944702
chr1,150730000,150730001	chr1,150733000,150733001	3.46311974525452
chr1,150683000,150683001	chr1,150735000,150735001	3.54835438728333
chr1,150443000,150443001	chr1,150736000,150736001	7.52649259567261
chr1,150523000,150523001	chr1,150736000,150736001	3.49328541755676
chr1,150414000,150414001	chr1,150737000,150737001	3.62948703765869
chr1,150733000,150733001	chr1,150737000,150737001	5.98785638809204
chr1,150733000,150733001	chr1,150738000,150738001	3.05646944046021
chr1,150576000,150576001	chr1,150740000,150740001	3.29575324058533
chr1,150735000,150735001	chr1,150740000,150740001	5.87764835357666
chr1,150736000,150736001	chr1,150740000,150740001	3.06367206573486
chr1,150714000,150714001	chr1,150741000,150741001	3.77121710777283
chr1,150736000,150736001	chr1,150741000,150741001	3.15500831604004
chr1,150356000,150356001	chr1,150742000,150742001	3.37925100326538
chr1,150739000,150739001	chr1,150742000,150742001	3.6770806312561
chr1,150466000,150466001	chr1,150743000,150743001	9.40756988525391
chr1,150738000,150738001	chr1,150743000,150743001	6.45720529556274
chr1,150667000,150667001	chr1,150746000,150746001	3.41558432579041
chr1,150497000,150497001	chr1,150747000,150747001	4.01499080657959
chr1,150125000,150125001	chr1,150748000,150748001	4.88985347747803
chr1,150503000,150503001	chr1,150748000,150748001	3.75531697273254
chr1,150274000,150274001	chr1,150750000,150750001	3.19106698036194
chr1,150492000,150492001	chr1,150750000,150750001	3.33021187782288
chr1,150745000,150745001	chr1,150751000,150751001	4.57307052612305
chr1,150736000,150736001	chr1,150752000,150752001	4.25674676895142
chr1,150737000,150737001	chr1,150752000,150752001	3.17501139640808
chr1,150746000,150746001	chr1,150752000,150752001	3.953373670578
chr1,150735000,150735001	chr1,150753000,150753001	3.56289315223694
chr1,150607000,150607001	chr1,150756000,150756001	5.231605052948
chr1,150700000,150700001	chr1,150756000,150756001	3.15592098236084
chr1,150723000,150723001	chr1,150756000,150756001	3.6733410358429
chr1,150732000,150732001	chr1,150756000,150756001	4.52447938919067
chr1,150752000,150752001	chr1,150756000,150756001	3.97504281997681
chr1,150466000,150466001	chr1,150757000,150757001	3.15794706344604
chr1,150607000,150607001	chr1,150757000,150757001	3.95201706886292
chr1,150620000,150620001	chr1,150757000,150757001	3.48289608955383
chr1,150669000,150669001	chr1,150757000,150757001	3.50916051864624
chr1,150748000,150748001	chr1,150757000,150757001	3.40628337860107
chr1,150110000,150110001	chr1,150758000,150758001	3.15220546722412
chr1,150649000,150649001	chr1,150758000,150758001	3.65319132804871
chr1,150530000,150530001	chr1,150759000,150759001	5.16409397125244
chr1,150751000,150751001	chr1,150759000,150759001	3.42616486549377
chr1,150755000,150755001	chr1,150759000,150759001	3.43280076980591
chr1,150705000,150705001	chr1,150760000,150760001	3.61423969268799
chr1,150714000,150714001	chr1,150760000,150760001	5.90188407897949
chr1,150450000,150450001	chr1,150761000,150761001	4.08939552307129
chr1,150453000,150453001	chr1,150762000,150762001	3.51907515525818
chr1,150737000,150737001	chr1,150762000,150762001	4.66695404052734
chr1,150757000,150757001	chr1,150763000,150763001	3.44758772850037
chr1,150759000,150759001	chr1,150763000,150763001	3.72703742980957
chr1,150433000,150433001	chr1,150764000,150764001	3.34425115585327
chr1,150706000,150706001	chr1,150768000,150768001	4.45387649536133
chr1,150757000,150757001	chr1,150772000,150772001	4.76034688949585
chr1,150648000,150648001	chr1,150774000,150774001	4.01849746704102
chr1,150736000,150736001	chr1,150774000,150774001	4.05025482177734
chr1,150497000,150497001	chr1,150775000,150775001	3.16228342056274
chr1,150772000,150772001	chr1,150775000,150775001	3.2548942565918
chr1,150773000,150773001	chr1,150776000,150776001	3.45626735687256
chr1,150756000,150756001	chr1,150777000,150777001	3.38312864303589
chr1,150772000,150772001	chr1,150777000,150777001	3.02926468849182
chr1,150554000,150554001	chr1,150778000,150778001	4.05923461914062
chr1,150051000,150051001	chr1,150779000,150779001	3.2449893951416
chr1,150394000,150394001	chr1,150780000,150780001	5.24792861938477
chr1,150520000,150520001	chr1,150780000,150780001	8.06878280639648
chr1,150773000,150773001	chr1,150780000,150780001	4.20426988601685
chr1,150776000,150776001	chr1,150780000,150780001	4.17800521850586
chr1,150424000,150424001	chr1,150782000,150782001	3.53426647186279
chr1,150704000,150704001	chr1,150782000,150782001	8.017409324646
chr1,150760000,150760001	chr1,150782000,150782001	6.87799882888794
chr1,150778000,150778001	chr1,150782000,150782001	5.33181285858154
chr1,150777000,150777001	chr1,150783000,150783001	3.07184338569641
chr1,150719000,150719001	chr1,150785000,150785001	3.22329807281494
chr1,150782000,150782001	chr1,150785000,150785001	4.12766790390015
chr1,150736000,150736001	chr1,150786000,150786001	3.10427403450012
chr1,150343000,150343001	chr1,150787000,150787001	3.15081429481506
chr1,150751000,150751001	chr1,150787000,150787001	3.05870699882507
chr1,150783000,150783001	chr1,150787000,150787001	4.65884733200073
chr1,150756000,150756001	chr1,150788000,150788001	3.42617130279541
chr1,150783000,150783001	chr1,150788000,150788001	3.11092567443848
chr1,150716000,150716001	chr1,150789000,150789001	3.36688089370728
chr1,150761000,150761001	chr1,150789000,150789001	3.77707266807556
chr1,150522000,150522001	chr1,150791000,150791001	4.72731733322144
chr1,150743000,150743001	chr1,150791000,150791001	13.4475317001343
chr1,150784000,150784001	chr1,150791000,150791001	4.16035127639771
chr1,150711000,150711001	chr1,150792000,150792001	5.99157238006592
chr1,150789000,150789001	chr1,150792000,150792001	3.91074776649475
chr1,150482000,150482001	chr1,150793000,150793001	3.47942161560059
chr1,150609000,150609001	chr1,150794000,150794001	3.25765132904053
chr1,150787000,150787001	chr1,150794000,150794001	3.15865588188171
chr1,150789000,150789001	chr1,150795000,150795001	6.97098731994629
chr1,150397000,150397001	chr1,150796000,150796001	5.29596424102783
chr1,150451000,150451001	chr1,150796000,150796001	3.71402430534363
chr1,150465000,150465001	chr1,150796000,150796001	4.50971508026123
chr1,150779000,150779001	chr1,150796000,150796001	3.5788676738739
chr1,150794000,150794001	chr1,150797000,150797001	3.14536356925964
chr1,150727000,150727001	chr1,150799000,150799001	3.22259044647217
chr1,150784000,150784001	chr1,150799000,150799001	3.26268577575684
chr1,150793000,150793001	chr1,150800000,150800001	3.59619927406311
chr1,150799000,150799001	chr1,150802000,150802001	4.37554168701172
chr1,150783000,150783001	chr1,150803000,150803001	3.2725613117218
chr1,150575000,150575001	chr1,150804000,150804001	3.83350515365601
chr1,150762000,150762001	chr1,150804000,150804001	3.517911195755
chr1,150796000,150796001	chr1,150804000,150804001	5.01177072525024
chr1,150522000,150522001	chr1,150810000,150810001	3.63826608657837
chr1,150746000,150746001	chr1,150810000,150810001	4.57395458221436
chr1,150793000,150793001	chr1,150812000,150812001	3.48558783531189
chr1,150800000,150800001	chr1,150812000,150812001	3.77401304244995
chr1,150315000,150315001	chr1,150813000,150813001	4.30972480773926
chr1,150368000,150368001	chr1,150813000,150813001	4.36909961700439
chr1,150573000,150573001	chr1,150813000,150813001	3.18069696426392
chr1,150615000,150615001	chr1,150814000,150814001	3.14545369148254
chr1,150795000,150795001	chr1,150814000,150814001	3.74972796440125
chr1,150801000,150801001	chr1,150814000,150814001	3.80692577362061
chr1,150277000,150277001	chr1,150816000,150816001	3.33043718338013
chr1,150708000,150708001	chr1,150816000,150816001	5.50500202178955
chr1,150596000,150596001	chr1,150817000,150817001	3.44079780578613
chr1,150691000,150691001	chr1,150817000,150817001	3.25333762168884
chr1,150813000,150813001	chr1,150817000,150817001	3.33487391471863
chr1,150464000,150464001	chr1,150818000,150818001	3.24890661239624
chr1,150682000,150682001	chr1,150818000,150818001	3.1970329284668
chr1,150701000,150701001	chr1,150818000,150818001	3.70868802070618
chr1,150809000,150809001	chr1,150818000,150818001	3.72084307670593
chr1,150815000,150815001	chr1,150818000,150818001	5.35594129562378
chr1,150369000,150369001	chr1,150819000,150819001	3.31880903244019
chr1,150705000,150705001	chr1,150819000,150819001	3.34298038482666
chr1,150737000,150737001	chr1,150819000,150819001	3.40638709068298
chr1,150816000,150816001	chr1,150819000,150819001	6.89277601242065
chr1,150146000,150146001	chr1,150820000,150820001	5.22396564483643
chr1,150818000,150818001	chr1,150823000,150823001	3.46666216850281
chr1,150818000,150818001	chr1,150824000,150824001	5.3736424446106
chr1,150504000,150504001	chr1,150825000,150825001	3.02747488021851
chr1,150821000,150821001	chr1,150825000,150825001	3.61205387115479
chr1,150352000,150352001	chr1,150827000,150827001	3.07828140258789
chr1,150483000,150483001	chr1,150827000,150827001	3.3017635345459
chr1,150509000,150509001	chr1,150827000,150827001	3.18905830383301
chr1,150612000,150612001	chr1,150827000,150827001	3.54443192481995
chr1,150792000,150792001	chr1,150827000,150827001	3.41835808753967
chr1,150793000,150793001	chr1,150827000,150827001	3.9277081489563
chr1,150811000,150811001	chr1,150827000,150827001	3.57506895065308
chr1,150499000,150499001	chr1,150828000,150828001	4.05383253097534
chr1,150742000,150742001	chr1,150828000,150828001	4.68592357635498
chr1,150794000,150794001	chr1,150829000,150829001	6.85958623886108
chr1,150823000,150823001	chr1,150829000,150829001	3.37244701385498
chr1,150826000,150826001	chr1,150829000,150829001	3.05805039405823
chr1,150428000,150428001	chr1,150831000,150831001	3.77946066856384
chr1,150589000,150589001	chr1,150831000,150831001	4.15797853469849
chr1,150805000,150805001	chr1,150831000,150831001	3.50859379768372
chr1,150587000,150587001	chr1,150832000,150832001	5.23122596740723
chr1,150769000,150769001	chr1,150832000,150832001	4.51755046844482
chr1,150770000,150770001	chr1,150832000,150832001	3.39148354530334
chr1,150822000,150822001	chr1,150832000,150832001	3.53595542907715
chr1,150824000,150824001	chr1,150833000,150833001	3.37390637397766
chr1,150318000,150318001	chr1,150835000,150835001	4.01667070388794
chr1,150770000,150770001	chr1,150835000,150835001	3.99003601074219
chr1,150822000,150822001	chr1,150835000,150835001	4.16000509262085
chr1,150422000,150422001	chr1,150836000,150836001	3.83696436882019
chr1,150572000,150572001	chr1,150836000,150836001	4.73430204391479
chr1,150793000,150793001	chr1,150836000,150836001	3.88284373283386
chr1,150829000,150829001	chr1,150836000,150836001	4.47442531585693
chr1,150831000,150831001	chr1,150836000,150836001	6.94536113739014
chr1,150609000,150609001	chr1,150837000,150837001	3.4645471572876
chr1,150828000,150828001	chr1,150837000,150837001	3.73061180114746
chr1,150834000,150834001	chr1,150837000,150837001	3.37450551986694
chr1,150695000,150695001	chr1,150838000,150838001	3.73325109481812
chr1,150707000,150707001	chr1,150838000,150838001	3.84874534606934
chr1,150825000,150825001	chr1,150838000,150838001	3.90546226501465
chr1,150669000,150669001	chr1,150839000,150839001	4.53784799575806
chr1,150750000,150750001	chr1,150839000,150839001	4.40347337722778
chr1,150815000,150815001	chr1,150839000,150839001	3.21471500396729
chr1,150115000,150115001	chr1,150840000,150840001	3.55539846420288
chr1,150756000,150756001	chr1,150840000,150840001	3.1638970375061
chr1,150836000,150836001	chr1,150840000,150840001	5.08189964294434
chr1,150094000,150094001	chr1,150841000,150841001	3.30647158622742
chr1,150789000,150789001	chr1,150841000,150841001	3.67160773277283
chr1,150833000,150833001	chr1,150841000,150841001	4.03681802749634
chr1,150835000,150835001	chr1,150841000,150841001	5.77202129364014
chr1,150575000,150575001	chr1,150842000,150842001	4.06260013580322
chr1,150737000,150737001	chr1,150842000,150842001	3.58675980567932
chr1,150829000,150829001	chr1,150842000,150842001	3.55489158630371
chr1,150839000,150839001	chr1,150842000,150842001	4.3866138458252
chr1,150793000,150793001	chr1,150844000,150844001	3.55529689788818
chr1,150291000,150291001	chr1,150846000,150846001	3.98277759552002
chr1,150497000,150497001	chr1,150846000,150846001	5.17721939086914
chr1,150798000,150798001	chr1,150846000,150846001	3.24348974227905
chr1,150842000,150842001	chr1,150846000,150846001	3.79731607437134
chr1,150817000,150817001	chr1,150848000,150848001	3.09223651885986
chr1,150843000,150843001	chr1,150848000,150848001	7.14666128158569
chr1,150524000,150524001	chr1,150850000,150850001	4.55009365081787
chr1,150820000,150820001	chr1,150850000,150850001	3.51029181480408
chr1,150843000,150843001	chr1,150852000,150852001	5.83152675628662
chr1,150846000,150846001	chr1,150852000,150852001	3.11363053321838
chr1,150832000,150832001	chr1,150855000,150855001	3.71745753288269
chr1,150843000,150843001	chr1,150856000,150856001	3.20174074172974
chr1,150850000,150850001	chr1,150856000,150856001	4.72668313980103
chr1,150853000,150853001	chr1,150856000,150856001	3.2384147644043
chr1,150422000,150422001	chr1,150857000,150857001	3.33441257476807
chr1,150811000,150811001	chr1,150857000,150857001	3.07133150100708
chr1,150110000,150110001	chr1,150858000,150858001	4.83426713943481
chr1,150839000,150839001	chr1,150858000,150858001	3.38668251037598
chr1,150850000,150850001	chr1,150859000,150859001	3.40398859977722
chr1,150465000,150465001	chr1,150861000,150861001	4.21911764144897
chr1,150740000,150740001	chr1,150861000,150861001	3.16576910018921
chr1,150856000,150856001	chr1,150861000,150861001	4.47399997711182
chr1,150857000,150857001	chr1,150861000,150861001	5.43518352508545
chr1,150693000,150693001	chr1,150862000,150862001	3.26988911628723
chr1,150759000,150759001	chr1,150862000,150862001	3.06791710853577
chr1,150853000,150853001	chr1,150862000,150862001	3.00899004936218
chr1,150311000,150311001	chr1,150863000,150863001	3.06332921981812
chr1,150670000,150670001	chr1,150863000,150863001	3.06767129898071
chr1,150833000,150833001	chr1,150863000,150863001	3.87659645080566
chr1,150860000,150860001	chr1,150863000,150863001	3.23685693740845
chr1,150047000,150047001	chr1,150864000,150864001	4.97019100189209
chr1,150276000,150276001	chr1,150864000,150864001	6.0779013633728
chr1,150540000,150540001	chr1,150864000,150864001	11.1187191009521
chr1,150856000,150856001	chr1,150864000,150864001	3.38869857788086
chr1,150849000,150849001	chr1,150865000,150865001	5.50775003433228
chr1,150862000,150862001	chr1,150865000,150865001	4.8534083366394
chr1,150472000,150472001	chr1,150868000,150868001	4.91930055618286
chr1,150864000,150864001	chr1,150868000,150868001	4.16636514663696
chr1,150747000,150747001	chr1,150869000,150869001	3.44021224975586
chr1,150755000,150755001	chr1,150869000,150869001	3.13328266143799
chr1,150853000,150853001	chr1,150869000,150869001	4.201735496521
chr1,150390000,150390001	chr1,150870000,150870001	6.03457403182983
chr1,150862000,150862001	chr1,150870000,150870001	3.34189534187317
chr1,150861000,150861001	chr1,150871000,150871001	3.94921588897705
chr1,150844000,150844001	chr1,150873000,150873001	3.29981637001038
chr1,150657000,150657001	chr1,150874000,150874001	3.73483371734619
chr1,150832000,150832001	chr1,150874000,150874001	5.00757694244385
chr1,150850000,150850001	chr1,150874000,150874001	4.71380090713501
chr1,150714000,150714001	chr1,150879000,150879001	3.00492024421692
chr1,150816000,150816001	chr1,150881000,150881001	4.28190135955811
chr1,150853000,150853001	chr1,150881000,150881001	4.243971824646
chr1,150878000,150878001	chr1,150881000,150881001	6.90653133392334
chr1,150286000,150286001	chr1,150882000,150882001	3.39643740653992
chr1,150568000,150568001	chr1,150882000,150882001	3.3306884765625
chr1,150679000,150679001	chr1,150884000,150884001	3.56835198402405
chr1,150835000,150835001	chr1,150884000,150884001	5.60516548156738
chr1,150881000,150881001	chr1,150884000,150884001	5.77655029296875
chr1,150843000,150843001	chr1,150885000,150885001	6.09620952606201
chr1,150214000,150214001	chr1,150889000,150889001	3.70029616355896
chr1,150704000,150704001	chr1,150889000,150889001	4.53945112228394
chr1,150886000,150886001	chr1,150889000,150889001	4.5422797203064
chr1,150886000,150886001	chr1,150892000,150892001	4.57406711578369
chr1,150592000,150592001	chr1,150895000,150895001	3.24702024459839
chr1,150735000,150735001	chr1,150895000,150895001	3.06951212882996
chr1,150081000,150081001	chr1,150896000,150896001	3.43921899795532
chr1,150892000,150892001	chr1,150896000,150896001	3.18772864341736
chr1,150892000,150892001	chr1,150897000,150897001	3.10014009475708
chr1,150772000,150772001	chr1,150902000,150902001	3.48410153388977
chr1,150843000,150843001	chr1,150903000,150903001	6.30498933792114
chr1,150101000,150101001	chr1,150904000,150904001	4.5293493270874
chr1,150882000,150882001	chr1,150904000,150904001	4.32451868057251
chr1,150891000,150891001	chr1,150904000,150904001	3.70674133300781
chr1,150902000,150902001	chr1,150905000,150905001	4.43496322631836
chr1,150882000,150882001	chr1,150907000,150907001	3.59734559059143
chr1,150878000,150878001	chr1,150908000,150908001	3.17874264717102
chr1,150890000,150890001	chr1,150909000,150909001	4.79833316802979
chr1,150906000,150906001	chr1,150909000,150909001	5.60258865356445
chr1,150906000,150906001	chr1,150910000,150910001	3.09448409080505
chr1,150907000,150907001	chr1,150912000,150912001	3.09530019760132
chr1,150910000,150910001	chr1,150913000,150913001	5.17491388320923
chr1,150912000,150912001	chr1,150916000,150916001	3.05176520347595
chr1,150913000,150913001	chr1,150918000,150918001	3.03184342384338
chr1,150908000,150908001	chr1,150920000,150920001	5.11595249176025
chr1,150604000,150604001	chr1,150921000,150921001	3.40194463729858
chr1,150714000,150714001	chr1,150921000,150921001	4.2613353729248
chr1,150918000,150918001	chr1,150922000,150922001	3.04272699356079
chr1,150810000,150810001	chr1,150924000,150924001	3.49226045608521
chr1,150714000,150714001	chr1,150925000,150925001	3.08917164802551
chr1,150922000,150922001	chr1,150925000,150925001	3.09272480010986
chr1,150528000,150528001	chr1,150929000,150929001	4.71768999099731
chr1,150492000,150492001	chr1,150931000,150931001	4.31952714920044
chr1,150889000,150889001	chr1,150932000,150932001	4.71488666534424
chr1,150919000,150919001	chr1,150932000,150932001	3.43944978713989
chr1,150928000,150928001	chr1,150933000,150933001	3.38097929954529
chr1,150389000,150389001	chr1,150935000,150935001	3.08560633659363
chr1,150932000,150932001	chr1,150935000,150935001	3.55443906784058
chr1,150934000,150934001	chr1,150938000,150938001	3.15316939353943
chr1,150929000,150929001	chr1,150939000,150939001	3.05368781089783
chr1,150679000,150679001	chr1,150940000,150940001	3.06229090690613
chr1,150835000,150835001	chr1,150940000,150940001	4.81024503707886
chr1,150799000,150799001	chr1,150942000,150942001	5.87976312637329
chr1,150835000,150835001	chr1,150942000,150942001	6.45076704025269
chr1,150929000,150929001	chr1,150943000,150943001	3.40654492378235
chr1,150931000,150931001	chr1,150943000,150943001	3.23745560646057
chr1,150938000,150938001	chr1,150943000,150943001	4.26288318634033
chr1,150940000,150940001	chr1,150945000,150945001	4.0501594543457
chr1,150417000,150417001	chr1,150946000,150946001	3.46060299873352
chr1,150944000,150944001	chr1,150948000,150948001	3.18681931495667
chr1,150563000,150563001	chr1,150951000,150951001	3.18768692016602
chr1,150831000,150831001	chr1,150952000,150952001	3.5279688835144
chr1,150949000,150949001	chr1,150952000,150952001	3.98767971992493
chr1,150699000,150699001	chr1,150953000,150953001	4.41848039627075
chr1,150606000,150606001	chr1,150954000,150954001	3.43709659576416
chr1,150782000,150782001	chr1,150956000,150956001	5.67301177978516
chr1,150932000,150932001	chr1,150956000,150956001	3.01649641990662
chr1,150192000,150192001	chr1,150957000,150957001	3.21917676925659
chr1,150443000,150443001	chr1,150957000,150957001	4.21579694747925
chr1,150472000,150472001	chr1,150959000,150959001	5.62046575546265
chr1,150081000,150081001	chr1,150960000,150960001	3.56638598442078
chr1,150473000,150473001	chr1,150960000,150960001	3.64078211784363
chr1,150948000,150948001	chr1,150961000,150961001	4.00459146499634
chr1,150663000,150663001	chr1,150962000,150962001	4.55527257919312
chr1,150817000,150817001	chr1,150963000,150963001	3.69408416748047
chr1,150954000,150954001	chr1,150963000,150963001	3.15697956085205
chr1,150958000,150958001	chr1,150963000,150963001	5.23650455474854
chr1,150944000,150944001	chr1,150965000,150965001	3.49091053009033
chr1,150390000,150390001	chr1,150976000,150976001	3.21724891662598
chr1,150961000,150961001	chr1,150978000,150978001	3.12694263458252
chr1,150575000,150575001	chr1,150979000,150979001	3.36677074432373
chr1,150106000,150106001	chr1,150983000,150983001	4.24701499938965
chr1,150187000,150187001	chr1,150983000,150983001	3.03756260871887
chr1,150596000,150596001	chr1,150983000,150983001	3.0949535369873
chr1,150984000,150984001	chr1,150988000,150988001	4.59007406234741
chr1,150865000,150865001	chr1,150990000,150990001	3.81191158294678
chr1,150984000,150984001	chr1,150992000,150992001	5.21659135818481
chr1,150989000,150989001	chr1,150993000,150993001	3.07383728027344
chr1,150660000,150660001	chr1,150995000,150995001	3.25567722320557
